4 3
 0  0 10  0    2  0  0  0    6  4  0 11
 1  0  0  5    0  8  0  0    0  0  9  0
 0  0  0 12    0  0  0  4    0  2  0  0
 
 2  4  0  0    0  3  0 10    0  0  0  0
 0  0  8  0   12  4  0  0    0  0  2  0
11 12  0  0    0  0  0  2    3  0  0  6

12  0  0  8    7  0  0  0    0  0 11  3
 0  3  0  0    0  0  1  8    0  6  0  0
 0  0  0  0    3  0  4  0    0  0  1  8
 
 0  0 11  0   10  0  0  0    8  0  0  0
 0  6  0  0    0  0 11  0   10  0  0  5
 9  0  5  3    0  0  0  1    0 11  0  0
 
This took 8m 38s to solve (95 empty cells):
|===========================================|
|  3  5 10  7 ||  2  1 12  9 ||  6  4  8 11 |
|  1  2  4  5 ||  6  8  3 11 ||  7 12  9 10 |
|  7  8  6 12 ||  9 11 10  4 ||  5  2  3  1 |
|===========================================|
|  2  4 12  6 ||  1  3  9 10 || 11  8  5  7 |
| 10  7  8 11 || 12  4  6  5 ||  1  3  2  9 |
| 11 12  1  9 ||  5  7  8  2 ||  3 10  4  6 |
|===========================================|
| 12  1  9  8 ||  7 10  2  6 ||  4  5 11  3 |
|  5  3  7  4 || 11  9  1  8 || 12  6 10  2 |
|  6 11  2 10 ||  3  5  4 12 ||  9  7  1  8 |
|===========================================|
|  4  9 11  2 || 10  6  5  3 ||  8  1  7 12 |
|  8  6  3  1 ||  4  2 11  7 || 10  9 12  5 |
|  9 10  5  3 ||  8 12  7  1 ||  2 11  6  4 |
|===========================================|